400
401
401
401
401
403
403
403
402
401
400
400
399
398
398
397
397
397
396
395
394
393
393
395
395
394
394
396
396
396
396
396
396
398
398
398
398
398
398
398
398
398
400
399
398
398
398
397
396
395
394
394
396
398
400
400
400
402
402
404
406
406
406
405
404
404
404
404
406
406
408
410
410
409
408
410
412
411
410
409
408
407
406
405
404
403
402
401
400
399
398
397
396
395
397
397
399
401
403
403
403
405
405
404
406
408
410
412
411
410
409
409
411
411
411
413
415
414
413
412
411
411
410
409
408
408
407
407
407
407
407
406
406
408
410
412
412
414
416
418
420
422
424
424
423
422
421
420
419
418
417
416
415
414
413
412
411
410
409
408
407
406
405
405
405
404
403
403
402
402
401
400
399
401
401
403
403
403
403
402
401
401
401
400
402
404
404
404
403
402
401
401
401
400
400
400
399
398
397
396
395
394
393
392
391
390
389
388
387
387
386
385
384
383
382
381
380
379
378
377
376
375
374
373
375
377
379
381
380
382
384
384
383
382
381
380
379
378
377
376
375
374
373
373
373
373
372
371
370
369
368
367
366
368
370
372
374
376
378
380
382
384
386
386
386
388
390
390
390
390
390
392
394
396
398
398
400
402
404
406
406
408
410
412
412
414
414
414
413
412
414
414
416
416
415
417
417
416
416
416
416
415
415
415
414
414
416
416
416
416
415
414
413
412
411
410
410
410
410
412
414
416
418
420
422
424
426
428
428
430
432
434
434
433
432
434
436
438
438
440
440
439
439
441
441
441
440
442
444
446
446
446
445
444
443
442
441
441
443
443
445
447
449
448
447
447
449
448
447
446
445
444
444
443
442
442
441
440
442
442
444
443
